1) 267 main
2) 270 (
3) 271 )
4) 272 {
5) 268 int
6) 267 aux
7) 275 ,
8) 267 cont
9) 275 ,
10) 267 a
11) 274 ;
12) 267 a
13) 276 =
14) 266 10
15) 274 ;
16) 267 aux
17) 276 =
18) 267 a
19) 274 ;
20) 256 if
21) 270 (
22) 266 1
23) 271 )
24) 267 teste
25) 276 =
26) 266 0
27) 274 ;
28) 256 if
29) 270 (
30) 271 )
31) 267 a
32) 276 =
33) 267 a
34) 278 +
35) 266 1
36) 274 ;
37) 277 else
38) 267 a
39) 276 =
40) 267 a
41) 279 -
42) 266 1
43) 274 ;
44) 273 }

TABELA DE SIMBOlOS
0 - main
1 - aux
2 - cont
3 - a
4 - teste
